[4660,4905,5054,4295,4301,5191,4554]
[7106,7178,7139,7001,7056]
[1140,1142,1165,1149,1156,1145,1178]
[7949,7796,7528,7417,7924]
[5849,5747,5947,5778,5971,5793,5889]
[1457,1409,1346,1389,1373,1412]
[2890,2990]
[1903,1948,1852]
[5506,5200,5340,5602,5435,5235,5429,5681]
[1937,1900,1855]
[553,838,617,546]
[5744,6705,5986,4787,6132,6536,7352,6396,7310,7582,6688,6927,4434,6555,5291]
[4983,4737,4968]
[5903,5735,424,5563,6322,6789,6116]
[1713,2004,1879,1948,2061,1790,1852]
[2134,2286,2763,2650,2777,2821,2484,2697,2540,2985,2343,2473,2216,2421,2890,2905,2990]
[8204,7936,8278,7980,8322,7754,7776,8075,8167]
