[1457,1239,1479,1409,1373,1389,1346,1412,1394]
[15,39]
[1713,2004,1948,1903,2061,1790,1852]
[5685,5652,5531,5787]
[7234,7121,7194,6913,6812,7039]
[5944,5984,5953,5928]
[3461,3449,3357,3366]
[6746,6879,6859,6832]
[5056,5107]
[2286,2763,2650,2484,2343,2216,2473,2421,2529]
[5315,5409,5338,5359]
[269,351,310,337,360,389,215,154,352,271,163,383,165,226,230]
[3410,3454,3482,3613,3418,3492,3665,3547]
[553,546,617]
[1142,1165,1149,1156,1145,1178,1151]
[7822,7814,7715,7830,7754,7776]
[7982,7950,7990,7951]
[8781,8775]
[4399,4359,4386,4357,4540]
[4689,4932,4910,4968,4825]
[5788,5854,5892,6175,5933,6008,6056,5867,6075,6148,6095]
[6623,6526,7141,6869,6698,6561,6779,6410,7235,6378,7113]
[8308,8414,8450]
[6262,6380,6241,6580,6247,6615,6527,6553,6508]
[838,824,801]
[6165,6084,6134]
[3748,3759,3785,3706,3709,3787,3845]
[8131,8232]
[4382,4567,4416,4514,4440,4402,4529,4315,4395,4314,4405,4488,4343,4489,4468,4232,4287]
[3963,3903,3994,3849,4094,4171]
[4630,4696,4757,4662,4786,4775,4623]
[3771,4787,1542,2511,985,4434,5291]
[5986,8819,6132,208,6396,7180,5744,7879]
[1879,1907,1876]
[2029,2077,1969,1678,2027,1637,1568,1622]
[88,48,9098,9103,9065,33]
[7883,7896,7858,7852,7892]
[8637,8353,8695,8411]
[4660,4905,5054,4295,4301,5191,4554]
[2890,2852,2990]
[5735,5563,5321,5430,4893]
[6951,7188,6953,7152,7254,7062,6897,7129,7259,7226,7242]
[7548,8368,8381,8211,7920,7968,7869]
[6787,6730]
[1544,1570,1601,1569,1580,1556,1552,1543,1567]
[1865,1829,2035,1983]
[4915,4728,4594,4666,4811,4845,4785]
[8047,8523,8079,8632,8252,8266,8699]
[5453,5425,5649]
[6243,6129]
[704,666,692,781,752,708]
[6537,6510,6461]
[8498,8419,8454]
[345,137,860,640,9013,1040,1046,1035]
[5883,5839]
[854,685,937,840,941,788,936,921]
[5247,5263,5304]
[6104,6118,6147,6153]
[6159,6117]
[5705,5660]
[1892,1903,1899,1897]
[6060,6002,5954]
[3615,3347,3301,2803,2736,3024]
[8414,8597,8559,8518,8539]
[8998,9031,8980]
[565,433,585,473]
[7049,7251,7218,7175,6978,7125,6923]
[1208,872]
[8402,8410]
[427,480,1148,575,592,932,580]
[542,403,707,193,223,343]
[5447,5506,5429]
[285,8748,5903,424,6322,6789]
[5993,5984,5997]
[7362,7440]
[7650,7597,7618,7604]
[5849,5747,5947,5855,5778,5971,5793,5968,5889]
[3191,3215,3268,3304]
[6295,6500,6285,6229,6462]
[4472,4520,4114,4467]
[3307,3825,3890,3699,3884]
[7557,7525,7602]
[8675,8552,8560,8636,8747,8820,8644,8787,8655,8848,8486,8425]
[5248,5190,5193,5285]
[3034,2618,3017,2693,2773,3113,2948,2538,2827]
[6250,6281,6299,6228]
[7906,7882,7928,7871,7948]
[427,399,456,365,336,548,478]
[6393,6337,6341,6355]
[99,125,180,429,8949,322,8937,8959,100,25]
[5948,5987]
[1744,1336]
[7340,7150,7264,7342,7304,7217]
[7106,7139,7178,7262]
[1338,1922,2221,2015,1465]
[4847,4828]
[1520,1532,1608,1549,1496,1611,1469,1560,1634]
[1318,1508,1298,1505,1383,1463]
[3782,3754,3866]
[8430,8315,8522,8309]
[1220,1131,1135,1203,1123,1228]
[1696,1705,1757,1756]
[2443,2571,2294,2387,2588,2580]
[5323,5365,5370]
[7107,6745,6916,7665,7790,7590,8181,6982,7074,7913,6582]
[8351,8452]
[5192,5288,5231,4819,4940,5440,4802,5089,4743]
[4602,4756,4717,4752,4737,4643,4733,4707,4738,4789,4753,4667,4815,4766]
[8634,8795,8697,8665,8893,8923]
[8698,9089,9067,8288,8573,8278,8260,8418,8322,9087,3,8834]
[8684,8880,8667,8650,8775,8905,8641]
[8135,8214]
[7873,7897,7831,7884]
[1287,1269,1369,1348]
[6093,6149]
[4294,4310,4291]
[2527,2742,2401,3082,1523,1686]
[7937,7900,7889]
[5267,5027]
[4638,4732,4621]
[4923,4798,4844,4773]
[4432,4418,4471]
[4050,3685,4140,4199,4037]
[2828,2845,2943]
[5459,5132]
[4863,4916]
[3660,3757,3323,3505,3531,3648]
[4014,3857,3974]
[4589,4515,4608,4517]
[7298,7395,7314,7157,7534]
[126,187,9076,77,9060,8502,8540]
[6485,6418,6436]
[8916,8773,8852,9072,8969]
[5287,5020]
[4963,5150]
[1654,1702]
[5763,6023,5733,5914,6200,6092,5681]
[5708,5528,5776,5626,5576,5605,5683,5469,5571,5695]
[8499,8512]
[4450,4552,4565,4458,4444,4494,4449]
[2707,2506]
[8313,8225,8173,8321]
[4829,4858]
[5112,5023]
[5897,6217,5671]
[3576,3609]
[4377,4069,3569,3594,4033]
[6566,6223,6315,6161,6126]
[4259,4208,4192]
[570,806,837,705]
[1175,591]
[8021,8471,8254,98]
[8137,8091,8060,8075,8167]
[4656,4853,4730,4763]
[6446,6734,6581,6567,6496,6601]
[4124,4203,4137,4247]
[2223,2198,2199,2159]
[472,191,338]
[3163,3208,3008,2864]
[8123,8097]
[2134,2135,2084,2047]
[8277,8328]
[8163,8178]
[2649,2298,2503,2385]
[4084,4062,4606]
[2256,2177]
[8494,8147,8371,8538,9045,8281,8301,8613,9008,8961,8965,8780,8860,8926,8830,8585,9003,8976,9071,8335,8541]
[6705,6536,6588,6688,6555]
[7193,7020,7236,7209,7063,7225,7032,6973,7149]
[539,509,402,583,334,74]
[7676,7371,7462,7310,7582,7685]
[1314,1122,1273,1303,1330,834,1087,1017,915]
[5334,5589,5691,5886,6069]
[622,469,603,557,496,664,464,430,477,660,458]
[7570,7596,7667,7710]
[5794,5812]
[1547,1620,1739]
[8694,7945,7850,8872,8417,8162,7957,8561]
[3477,3518,3426,3535,3556,3438,3468]
[1740,1773,1706,1805,1689]
[194,255,203,267]
[7489,7515]
[6695,6324,6212,6346,6431,6332,6570,6103]
[6453,6402,6486]
[1387,1329]
[1458,1473,1396,1444,1351,1414,1484,1381]
[8146,7796,8130,7949,7528,8028,8115,7735,7924]
[63,68,82]
[4422,4431,4392,4288,4277,4248]
[8187,8195,8311,8264,8093,8318,8128,8319,8175]
[4566,4569,4407]
[1061,1066,1038,1030]
[4981,5068]
[8326,8431,8447,8305,8405]
[5404,5328,5350]
[813,779,650,911,896,691,718,649,804,1007,639,754,739]
[3207,3445,3485,3803,3734]
[5105,5264]
[8080,7936,7980,8110]
[3989,4042]
[1048,951,972,1015]
[612,841,749]
[7337,7348,7343]
[721,1347,566,1453,674,1464,897,789,1143,1393,440,1195,1190]
[1003,1173,811,1136,1231,1240,984,818,1088,850,919,1181,1213,874,1162,1084]
[6616,6595,6545,6520,6617,6672,6519]
[6810,8112,8002,7312,7686]
[2808,2630,2777]
[6895,6765]
[8520,8562]
[3486,3459,3500,3321]
[361,595,294,489,224,549,434]
[123,168,219,130,21]
[3775,3888,3894,3619,3662]
[2088,2095,1708,1577,1791]
[961,581,774,1230,881]
[4543,4535,4534,4564]
[2821,2697,3067,2540,2905]
[4663,4920,4946,4851]
[5908,5941,5848]
[7503,7420,7328,7469]
[1729,1749,1825]
[3543,4674,3000,4583,3860,4174,3340,4234,3795]
[8504,8727,8533,8610]
[3982,3612,3773,3975,3705,3731,3873,3690,3852,3905,3861,4031,4133,4057,3579,3980]
[5485,5471]
[6411,5339,5470,6163,5303,5336,6102,6020,6417]
[510,413,437,463]
[7460,7446,7387,7429,7447,7474,7377,7584]
[5235,5200,5185]
[8544,8711,8858,8704,8679,8841,8670,8396,8932,8865,8439,8516,8968,8673,8478,8817,8939,8649,8709,8812,8789,8480,8567,8988,8534,8693,8676,8592,8906,8529,8890,8782,8508,8892,8628,8850,8583]
[1666,1735,1679,1617]
[6927,7124,7352]
[8984,8911,9022]
[8316,8571,8469,8465,8334]
[4209,4227,4127,4146]
[1956,1862]
[5312,5603,5484,5548]
[5526,5591,5686]
[7051,7001,7056]
[4983,4954,4924]
[1497,1821,1659,2034,1586,1928]
[2011,1995,1641,2012,1843,1612,1605,1914]
[5378,5210,5168,5260,5028,5221,5367,5395,5354,5249]
[2056,2040]
[7069,7061]
[6712,6723,6752,6714]
[6603,6629]
[847,836,793,773,809]
[7645,7635,7724,7622,7546,7664,7488,7479,7536]
[5475,5502,5477]
[2516,2487,2420,2419,2585,2427,2483,2459,2539]
