[3873,3905,3975,4031,4057]
[1666,1697,1713,1784,1788,1834,1852,1861,1868,1892,1897,1899,1903,1931,1948]
[2286,2421,2473,2484,2763,2890,2985,2990]
[4295,4301,4554,4660,4905,5054,5191]
[15,39,8775,8781]
[7417,7528,7615,7796,7924,7949]
[224,294,352,360,383,389,413,437,489,510,549,595,9072]
[544,546,553,617,622,664]
[1862,1956,2040,2282,2538,2618,2693,2827,2948,3045,3102,3185]
[1142,1145,1156,1165,1178]
[1142,1145,1156,1165,1178,1852,1903,1948,2061,2491]
[1165,1708,1713,2491,2890,2943,2990]
[5735,5986,6116,6132,6396,6688,6920,7310,7352,7582]
