[4660,4905,5054,4295,4301,5191,4554]
[7750,5986,5735,6132,5563,6396,7310,5744,5291]
[3982,3975,4300,3873,3852,4359,3905,4534,4031,4357,4057]
[542,168,403,21,264]
[1934,1983,2085,1702,1464,1862,1543,1567,1852,1788,1891,2227,1829,1903,1552,2004,1696,1654,1865,1705,1713,2356,1948,1666,2061,1784]
[622,1303,840,799,834,941,664,544,936,1017,1228,1261]
[4382,4450,3748,3903,3613,4314,3418,3249,4405,4094,3665,3845]
[2491,2657,2574]
[3207,3165]
[8187,8204,8080,7936,8278,8285,8093,7980,7754,8322,8213,7776,8167]
[6623,5842,6526,6872,5879,5972,6779,6410,6148]
[5056,4932,4471,5107,5531,4910,4386,4517,4825,5511]
[6271,6380,6241,6580,6527,6553,6084,5953,5984,6134,5944]
[3475,4377,4737,4069,3579,3731,4100,3569,3974,3705,4915,3508,4335,4518,4983,4033,3775,3612,4247,4785]
[813,911,804,718]
[8781,8131,8632,8454,8775,7882,8518,8450,7948,8579,8905,8308,8030,8232,8969,7557,8634,8315,7525,7906,8597,39,8313,15,8430,8173,7928,8665]
[5435,6254,6212,7056,5774,7106,7139,6705,6677,7001,5849,5947,6695,5544,5506,5602,6536,6324,5793]
[1142,1165,1156,1145,1178]
[2890,2990]
[7337,7581,7552,7348]
[7188,7152,7254,7259,7226]
[1457,1409,1373,1346,1412]
[5235,5340,5191]
[2693,2294,2618,2491]
[3485,3734,3307,3699]
[4656,4853,4730,4763]
[8675,8353,8556,8425]
