[4656,4730,4763,4853]
[15,39,8775,8781]
[1140,1142,1145,1156,1165,1178]
[1852,1903,1948]
[1346,1373,1409,1412,1457]
[4693,4694,4698,4705,4707,4717,4719,4725,4733,4737,4738,4752,4753,4766,4780,4869,4883,4954,4983]
[1543,1544,1552,1567,1569,1580,1601,1638,1648,1684,1691,1724,1746,1770,1774,1811,1814,1832,1842,1864,1872,1879,1907,1920]
[4295,4301,4554,4660,4905,5054,5191]
[6508,6527]
[5681,5733,5747,5793,5849,5867,5879,5889,5933,5947,6023,6092,6095,6148,6168,6212,6220,6324]
[6580,6615,6631,6643,6678,6682,6749,6804,6818,6832,6862,6875,6879,6936,6937,6942,6951,6953,6960,6991,7021,7029,7050,7122,7129,7152,7188,7226,7242,7254,7259]
