[5430, 5563, 5735]
[5986, 6132, 6223, 6315, 6396]
[4295, 4301]
[4554, 4660, 4905, 5054, 5191]
[4033, 4069]
[3569, 3594, 3775]
[5602, 5733, 5774, 5800]
[6714, 6723, 6752]
[5747, 5778, 5793, 5849, 5889, 5947, 5971]
[6084, 6134, 6165]
[6241, 6247, 6271, 6380, 6553]
[5928, 5944, 5953, 5984, 6027]
[6402, 6453]
[6508, 6527, 6580, 6615]
[5685, 7121]
[5190, 5193, 5248]
[5168, 5192, 5210]
[5267, 5459]
[4656, 4730, 4763, 4853]
[6951, 6951, 6953, 7021, 7068, 7122, 7129, 7152, 7188, 7226, 7242, 7254, 7259]
[8305, 8326, 8431, 8447]
[8425, 8552, 8556, 8636, 8675]
[7525, 7557, 7602]
[7176, 7235, 7315]
[6746, 6859, 7337, 7348]
[7882, 7906, 7928, 7948]
[8667, 8684, 8775]
[8518, 8539, 8559]
[21, 168, 264, 403, 542]
[546, 553, 617]
[936, 1017, 1122]
[1142, 1145, 1149, 1156, 1165, 1178]
[1346, 1373, 1409]
[1394, 1396]
[1790, 1876, 1879, 1907, 2061]
[1787, 1788, 1789, 1811, 1839, 1852, 1855, 1899, 1903, 1931, 1937, 1948, 1999]
[1612, 1641]
[2890, 2990]
[3449, 3461]
[4090, 4100, 4124, 4137, 4150, 4166, 4168, 4203]
[98, 591, 1208]
