[542,168,403,130,21,264,244,233,343]
[1220,918,1131,699,603,694,1203,1122,840,799,834,921,1017,936,1228,915]
[2095,2088,1708]
[2777,2473,2890,2990]
[2763,2650,2484,2421]
[3475,3449,3366,3249,2985,3461,3572,3357]
[3982,4377,3773,3975,3873,4399,3731,4359,3905,4534,4031,4310,4133,4357,3950,4057,4259,3980]
[4756,4737,4752,4643,4733,4707,4789,4697,4667,4792,4725]
[5609,5506,5602,5435,5541,5235,5429,5681,5477]
[5849,5747,5947,5778,5971,5793,5889]
[4660,4905,5054,4295,4301,5191,4554]
[285,5903,5735,424,5563,6322,6789]
[6705,6536,7310,6688,6555]
[7051,7106,7178,7139,7001,7262,7056]
[6623,6270,6220,6388,6324,6212,6418,6410,6148,6095]
[7298,7314]
[8498,7834,8961,7796,7949,8762,7653,8252,7806,8465,8485,8115,7615,7924]
[7592,7739,7891,7488,7479]
[8162,8238,8694,8974]
[8965,464,458]
[8781,8775,39,15]
[510,779,689,414,402,595,294,951,224,804,334,434,437,737,739]
[269,337,175,215,154,352,383,165,226]
[622,617,544,553,838]
[1142,1165,1149,1156,1178]
[1457,1165,1239,1409,1346,1373,1412,1910,1256,1791]
[1457,1409,1346,1373,1412]
[1713,2286,2004,1790,1879,1948,1907,2124,2216,1903,2061,2113,1567,1852]
[1552,1543]
[2148,1783,1628,1696,1829,1654,2035,1983,1865,2085,1702,1705,1998,2155,1756,1757,1771]
[2618,2596,2693,2450,2491,2429,2827]
[2282,2653,3185,2906,2040]
[4552,3482,4958,3454,3903,3418,3787,4232,3547,4450,3748,5287,4094,4287,5020,3410,3994,4343,3665]
[4630,4757,4662,4786,4623]
[5056,4932,4910,4517,4825]
[5487,5601,5685,5338,5531,5315,5511]
[6493,6175,6603,6104,6698,6556,6299,6056,6153,6453,6147,6378]
[7557,7236,7063,7948,7525,7906,7882,7928,7602,7852,7235,7377,7710]
[8131,7884,7896,7831,7794,7873,8123]
[8728,8576,8326,8720,8431,8447,8305,8628,8695]
[8698,8858,8679,48,8841,8518,8852,8308,8414,9067,8982,8499,8559,8709,8232,8834,8969,9089,8812,8597,8988,9103,33,8892,8418,8539]
[585,509,74,188]
[1003,1173,1347,1088,818,919,1464,963,1393]
[3307,3685,3207,4199,4216,3634]
[5267,5459]
[5192,5210,5168,5288,5459,4889,5174,5028,4763,5231,4819,5267,5440,5132,4730]
[5883,5987,5705,5776,5948,5820,5943,5646,5453,5649,5469,5571,5695]
[6630,6271,6527,6553,6084,6508,5944,5953,5787,5603,6380,6241,6247,6165,5812,6027,6615,5777,5984,6134]
[6527,6508]
[7581,7362,6905,7194,6783,6897,6746,7440,6812,7039,6879,7234,7623,7652,7029,6859,7121,6913,7398,7150,7264,7650,7217,7292,7597,6832,6743]
[8351,7822,8204,8080,7936,7980,7754,8283,8322,7776,8075]
