[3323,3569,3594,3757,3775,3888,3894,4033,4069,4295,4301,4335,4518,4554,4660,4905,5054,5191]
[1605,1612,1641,1708]
[8162,8238,8316,8465,8571,8974]
[7001,7056,7106,7139,7178]
[5747,5778,5793,5849,5889,5947,5971]
[15,165,337,39,603,8775,8781]
[130,168,21,264,343,403,542]
[7525,7557,7602]
[1142,1149,1156,1165,1178]
[424,5563,5735,5903,6116,6322,6789]
[2286,2421,2473,2650,2777,2890,2990]
[7417,7420,7528,7615,7796,7924,7949,8115,8309]
[7852,7882,7906,7928,7948]
[7776,7936,7980,8075,8167,8204,8260,8278,8288,8322]
[3249,3449,3461,3475,3572]
[3873,3905,3975,3982,4031,4057,4357,4359,4534]
[4434,4787,5291,5744,5986,6132,6396,6536,6555,6688,6705,6927,7310,7352,7582]
[4623,4630,4662,4757,4786]
[5531,5603,5685,5787]
[4517,4540,4589,4608,4689,4825,4910,4932,5056,5107,5264,5480,5511,5535,5584,5590]
[294,352,360,361,389,434,437,489,510,527,549,595,8773,8852,8911,8916,8969,8984,9072]
[546,553,617,838,887,951,972]
[2282,2294,2491,2618,2646,2827]
[2845,2943]
[5185,5200,5235,5329,5351,5404,5429,5435,5477,5502,5506,5602,5681,5733,5774]
[1862,1956,2053,2106,2256]
[7950,7951,7990,8232,8414,8418,8512,8518,8539,8559,8597,8679,8698,8709,8850,8858,8892,8982,9002,9031,9037,9040]
[188,334,402,509,539,547,649,666,708,718,74,740,754,779,781,804,811,813,896,911]
[1713,1790,1852,1903,1948,2004]
[1735,1784,1855,1887,1892,1897]
[1713,1852,1903,1948]
[1346,1373,1409,1412,1442,1457]
[6092,6095,6148,6168,6212,6220,6324,6418,6436,6485,6526,6588,6623,6695,6703,6754,6779,6781]
[5788,5842,5854,5867,5879,5892,5899,5933,5972,6056,6075,6149,6175,6299,6378,6498,6519,6556,6561,6603,6629,6698,6712,6714,6723,6752,6771,6869,7141]
[5686,5794,5812,5928,5944,5953,5984,6134,6165,6241,6247]
[1017,1131,1203,1220,1228,799,834,840,854,915,921,936,937,941]
[6859,6879,6913,7039,7046,7121,7150,7217,7264,7304,7340]
[1852,1903,1948]
[1346,1373,1409,1412,1442,1457]
