[5944,5953,5984,6084,6134,6165,6241,6247,6271,6380,6508,6527,6546,6553,6580,6615,6630,6832,6842,6859,6879,6913,6942,6951,6953,6991,7021,7029,7031,7039,7050,7068,7121,7122,7129,7152,7188,7194,7226,7234,7242,7254,7259]
[7525,7557,7602,7852,7858,7871,7882,7883,7892,7896,7906,7928,7948]
[18,37,48,66,85,8892,8906,8932,8939,8946,8958,8968,8982,8987,8988,8998,9002,9031,9098]
[8834,8841,8850,8858,8865]
[1017,1020,1035,1040,1044,1046,1052,1071,1073,1087,1122,1160,1207,1210,123,1261,1273,1303,1324,135,146,153,168,196,21,219,244,264,265,292,297,318,399,403,464,478,5,542,618,662,671,696,785,842,885,9008,9045,9079,915,933,969,989]
[1140,1142,1145,1149,1151,1156,1165,1178]
[1346,1373,1409,1412,1457]
[1790,1852,1903,1934,1948,1963,2061]
[4684,4693,4697,4707,4717,4733,4737,4738,4752,4753,4756,4766,4780,4792,4793,4812,4815,4851,4894,4946]
[4656,4730,4763,4853]
[4295,4301,4554,4660,4905,5054,5191]
