[7176,7235,7236,7377,7525,7557,7570,7602,7710]
[15,165,226,269,337,603]
[280,8863,8937]
[6229,6285,6461,6462,6500,6510,6743]
[5531,5603,5685,5787,5908]
[188,334,402,509,539,649,681,708,718,74,740,754,779,781,804,811,813,896,911]
[546,553,617,838]
[6930,6973,7063,7066,7119]
[3438,3468,3518]
[5200,5235,5340,5429,5435,5477,5506,5602,5681]
[1443,1502,1503]
[3318,4174,4674]
[3249,3262,3449,3461,3475,3572]
[7754,7776,7936,7980,8075,8167,8204,8278,8322]
[2326,2451,3165,3307,3457,3659,3685,3699,4037,4050,4114,4199,4200,4257,4337]
[168,21,264,403,542]
[4460,4467,4621,4743,4819,5028,5089,5132,5190,5193,5231,5249,5267,5288,5440,5459,5576]
[8162,8238,8465,8694,8974]
[4737,4968,4983]
[4785,4915]
[1577,1612,1708,1791,2088,2095]
[1862,1956,2040,2106,2120,2256,2296]
[5463,5670,5704]
[4287,4343,4382,4402,4405,4468,4514,4567]
[6942,7021,7122,7129,7152,7188,7226,7242,7254,7259]
[5747,5778,5793,5849,5889,5947,5971]
[4623,4630,4662,4757,4775,4786]
[4656,4730,4763,4853]
[7328,7417,7420,7528,7615,7796,7924,7949,8115,8309]
[7852,7882,7906,7928,7948]
[1338,1465,1922,2015,2102]
[4434,4787,5291,5744,5986,6132,6396,6536,6555,6688,6705,6927,7310,7352,7582]
[5962,6024,6072,6115]
[1003,1008,1084,1088,1136,1173,1190,1195,1347,1393,1463,1464,1481,1520,1560,1666,1679,472,566,674,721,789,794,818,874,897,919,984]
[7479,7488,7536,7635,7679]
[841,963]
[2134,2216,2286,2343,2421,2473,2484,2540,2650,2697,2763,2777,2821,2890,2905,2985,2990]
[1035,1148,1204,1542,1686]
[2282,2294,2414,2429,2491,2538,2574,2583,2596,2618,2646,2653,2657,2693,2749,2827]
[3323,3569,3594,3757,3775,3888,3894,4033,4069,4295,4301,4335,4518,4554,4660,4905,5054,5191]
[8353,8411,8425,8556,8636,8675,8747,8787,8820]
[5914,6092,6095,6148,6168,6212,6220,6324,6410,6418,6436,6485,6526,6588,6623,6695,6703,6779]
[1326,802,934]
[3410,3418,3454,3482,3492,3547,3665,3748,3759,3787,3903,3994,4094,4232,4450,4552,4958,5020]
[1208,591,705,806,98]
[7869,7986,8140]
[8498,8538,8541,8572,8579,8585]
[2174,2227,2298,2356,2714,2970,3188]
[1654,1696,1702,1705,1756,1757,1829,1865,1983,1998,2035,2085,2155]
[3873,3905,3975,3982,4031,4057,4357,4359,4534]
[5396,5453,5469,5571,5649,5695,5705,5776,5797,5883,5948,5991]
[2238,2560,2818,3275,3579,3612,3690,3705]
[7001,7056,7106,7139,7178]
[3947,4104]
[7965,8039,8135]
[4520,4773,4798,4844]
[5339,8254,8630]
[5470,6102,6163]
[6075,6175,6299,6378,6519,6556,6603]
[1543,1544,1552,1562,1570,1601,1713,1790,1852,1879,1903,1948,2004,2047,2061,2124,2135,2159,2198,2199]
[6582,6745,6855,6982,7074,7107,7590,7665,7790,7913,8181]
[15,39,8308,8315,8430,8449,8450,8634,8650,8665,8667,8684,8775,8781]
[2020,2042,2550]
[1017,1122,1131,1203,1220,1228,834,840,915,921,936]
[8097,8123,8131,8178]
[2845,2943]
[3800,3974,4100,4247]
[7405,7653]
[424,5563,5735,5903,6116,6322,6789]
[100,25,322,338,429,440,555,99]
[221,291,294,360,383,434,437,489,510,549,595,80,8852,8911,8916,8969,8984,9072]
[8326,8386,8447,8576,8628,8720,8728]
[2736,2803,3024,3223,3347,3615]
[2451,2553,2773,2878,3045,3165,3185]
[1175,1247,1336,1355]
[6616,6746,6812,6832,6859,6879,6913,7039,7121,7150,7194,7217,7234,7304,7340,7343,7348,7431,7581,7623,7650]
[5944,5953,5984,6134,6165,6241,6247,6262,6380,6527,6553,6580,6615]
[5788,5854,5867,5879,5881,5892,5933,6446,6561,6581,6869,7141]
[3981,4119]
[1541,1953]
[1030,1178,1239,1346,1373,1389,1409,1412,1457,1497,1791,1910]
[6897,6905]
[126,77,8502,8848]
[544,622,664]
[5671,5897,6217]
[7950,8232,8414,8418,8499,8518,8559,8573,8597,8679,8698,8709,8812,8841,8892]
[4517,4681,4825,4910,4932,5056,5107,5264,5315,5338,5487,5511]
[3207,3447,3485,3634,3734,3786,3940,4023,4167,4216]
