[5459, 5267]
[1903, 1948, 1852, 1897, 1899]
[1165, 1178, 1142, 1149, 1156, 1145]
[7226, 7254, 7259, 7242]
[7906, 7882, 7948, 7928, 7852]
[1165, 1178, 1142, 1149, 1156, 1145]
[1457, 1412, 1346, 1373, 1380, 1409]
[1879, 1876, 1907]
[2990, 2890]
[3357, 3461, 3449]
[3482, 3410, 3418, 3454, 3492]
[3982, 3975, 4057, 4031, 3905, 3873]
[4357, 4359]
[4534, 4527]
[4757, 4662, 4630, 4623, 4786]
[5787, 5652]
[5953, 5984, 5944]
[6134, 6084, 6165]
[6527, 6508, 6580, 6615, 6553, 6380, 6271, 6247, 6241]
[6859, 6879]
[7121, 7194]
[7001, 7051, 7056]
[7557, 7602, 7525]
[7882, 7906, 7948, 7928]
[8781, 8775]
[39, 15]
[553, 546]
[801, 824, 838]
[5459, 5267]
[4730, 4853, 4763, 4656, 4898]
[6527, 6508, 6580, 6615, 6553, 6510]
[5984, 5953, 5944, 6084, 6134, 6165, 6241, 6247, 6271]
[4301, 4295, 4554, 4660, 4905, 5054, 5191]
[4301, 4295, 4554, 4660, 4905, 5054, 5191, 5563, 5735]
[4301, 4295]
[2061, 1713, 1790, 1852, 1903, 1948, 1788]
[1852, 1903, 1948]
[1165, 1178, 1142, 1149, 1156, 1145]
[5735, 5563, 5430]
[5986, 6132, 6396, 6223, 6315]
[4301, 4295]
[4554, 4660, 4905, 5054, 5191]
[4069, 4033]
[3775, 3594, 3569]
[5602, 5733, 5774, 5800]
[6714, 6723, 6752]
[5971, 5947, 5889, 5849, 5793, 5747, 5778]
[6165, 6134, 6084]
[6553, 6380, 6271, 6247, 6241]
[6027, 5984, 5953, 5944, 5928]
[6453, 6402]
[6527, 6508, 6580, 6615]
[7121, 5685]
[5190, 5193, 5248]
[5168, 5192, 5210]
[5459, 5267]
[4730, 4853, 4763, 4656]
[6951, 7068, 7122, 7188, 7242, 7259, 7254, 7226, 7152, 7129, 7021, 6953, 6951]
[8326, 8305, 8431, 8447]
[8425, 8552, 8556, 8636, 8675]
[7557, 7602, 7525]
[7176, 7235, 7315]
[7348, 7337, 6859, 6746]
[7906, 7882, 7948, 7928]
[8775, 8684, 8667]
[8518, 8559, 8539]
[168, 21, 264, 403, 542]
[617, 553, 546]
[1017, 936, 1122]
[1165, 1178, 1142, 1149, 1156, 1145]
[1346, 1373, 1409]
[1396, 1394]
[2061, 1790, 1879, 1876, 1907]
[1852, 1903, 1948, 1931, 1899, 1855, 1788, 1789, 1811, 1937, 1787, 1839, 1999]
[1641, 1612]
[2890, 2990]
[3449, 3461]
[4100, 4090, 4137, 4150, 4168, 4124, 4166, 4203]
[591, 98, 1208]
[5984, 5953, 5944, 6134, 6084]
[4730, 4853, 4763, 4656]
[3485, 3734, 3307, 3699]
[1165, 1178, 1142, 1149, 1156, 1145]
[1948, 1903, 1852]
[1948, 1903, 1852, 1892, 1899, 1897]
[6461, 6462, 6229, 6285, 887]
[7226, 7254, 7259, 7242]
[8411, 8636, 8560, 8353, 8675]
[1852, 1903, 1948]
[2326, 2550, 2943, 2491]
[1389, 1346, 1412, 1409, 1427, 1373, 1457]
[838, 617, 553]
[8315, 8781, 8775, 8430]
[7948, 7906, 7882, 7928, 7852]
[7557, 7602, 7525]
[6879, 6746, 7264, 7121, 7398, 6913]
[6070, 6134, 6112, 5953, 5984, 6165, 5928, 6084, 5944]
[4656, 5267, 5459, 4853, 4730, 4763]
[546, 617, 553]
[887, 869, 951]
[1140, 1151, 1156, 1142, 1178]
[1346, 1412, 1409, 1373, 1457]
[1907, 1879, 1876]
[2421, 2484]
[2890, 2990]
[3449, 3429, 3461]
[3773, 3623]
[4031, 3975, 4057, 3982]
[4359, 4357]
[4825, 4932, 4540, 4689, 4910]
[5315, 5359, 5338]
[5531, 5685]
[5908, 5953, 5984, 5838, 5824, 5944]
[6527, 6508]
[6879, 6746, 7039, 6832, 7121, 6859, 7234, 6913, 7194]
[7375, 7439, 7363, 7473, 7515]
[7773, 7776, 7747]
[7990, 8093, 7950]
[8264, 8232, 8311]
[8559, 8518, 8539, 8597]
[8781, 8775]
[39, 15]
[337, 154, 339, 215, 175, 226, 389, 163, 351, 383]
[4295, 5191, 4660, 4301, 4554, 5054, 4905]
[7106, 7178, 7056, 7001, 7139]
[1140, 1156, 1149, 1145, 1142, 1165, 1178]
[7417, 7528, 7924, 7796, 7949]
[5889, 5971, 5747, 5793, 5947, 5849, 5778]
[1389, 1346, 1412, 1409, 1373, 1457]
[2890, 2990]
[1852, 1903, 1948]
[5340, 5200, 5429, 5435, 5602, 5506, 5681, 5235]
[1937, 1855, 1900]
[546, 838, 553, 617]
[6396, 6132, 5744, 4787, 6927, 7582, 6705, 6688, 5291, 7310, 4434, 5986, 6555, 7352, 6536]
[4737, 4983, 4968]
[424, 6322, 5903, 6116, 5735, 5563, 6789]
[1713, 2004, 1790, 1879, 2061, 1948, 1852]
[2540, 2216, 2905, 2777, 2821, 2990, 2697, 2484, 2134, 2763, 2473, 2421, 2985, 2890, 2343, 2286, 2650]
[7776, 7754, 8075, 8204, 7980, 7936, 8167, 8278, 8322]
[1479, 1389, 1346, 1412, 1409, 1373, 1239, 1394, 1457]
[39, 15]
[1903, 1713, 2004, 1790, 2061, 1948, 1852]
[5787, 5531, 5685, 5652]
[7039, 6812, 7121, 7234, 6913, 7194]
[5944, 5953, 5928, 5984]
[3449, 3461, 3357, 3366]
[6859, 6832, 6746, 6879]
[5107, 5056]
[2216, 2650, 2484, 2763, 2473, 2421, 2529, 2286, 2343]
[5315, 5409, 5359, 5338]
[165, 337, 154, 310, 215, 271, 226, 389, 269, 383, 360, 163, 230, 351, 352]
[3613, 3665, 3410, 3547, 3454, 3418, 3482, 3492]
[546, 553, 617]
[1151, 1156, 1149, 1142, 1145, 1165, 1178]
[7754, 7776, 7715, 7814, 7822, 7830]
[7990, 7982, 7951, 7950]
[8781, 8775]
[4540, 4399, 4386, 4359, 4357]
[4825, 4932, 4689, 4910, 4968]
[6095, 5854, 5892, 5933, 6148, 5788, 6175, 6056, 6075, 6008, 5867]
[7141, 7235, 6378, 7113, 6623, 6410, 6698, 6561, 6779, 6526, 6869]
[8414, 8308, 8450]
[6615, 6380, 6580, 6553, 6508, 6262, 6241, 6247, 6527]
[838, 824, 801]
[6084, 6134, 6165]
[3787, 3748, 3706, 3845, 3785, 3759, 3709]
[8131, 8232]
[4343, 4382, 4468, 4416, 4232, 4529, 4395, 4488, 4287, 4440, 4489, 4514, 4314, 4567, 4405, 4315, 4402]
[3963, 3849, 4094, 4171, 3994, 3903]
[4786, 4757, 4630, 4623, 4775, 4662, 4696]
[2511, 4787, 1542, 5291, 4434, 3771, 985]
[208, 7180, 6396, 6132, 5744, 8819, 5986, 7879]
[1907, 1879, 1876]
[2077, 1969, 2027, 1622, 1637, 1678, 1568, 2029]
[9098, 9103, 48, 88, 9065, 33]
[7883, 7892, 7852, 7858, 7896]
[8695, 8411, 8353, 8637]
[4295, 5191, 4660, 4301, 4554, 5054, 4905]
[2890, 2990, 2852]
[5735, 5563, 5321, 5430, 4893]
[7062, 7259, 6953, 6951, 7152, 7129, 7254, 6897, 7226, 7188, 7242]
[8211, 7968, 7548, 8381, 7869, 8368, 7920]
[6787, 6730]
[1569, 1601, 1580, 1544, 1570, 1552, 1556, 1543, 1567]
[1865, 1983, 2035, 1829]
[4845, 4594, 4785, 4728, 4811, 4915, 4666]
[8523, 8252, 8699, 8632, 8266, 8047, 8079]
[5649, 5453, 5425]
[6243, 6129]
[692, 752, 666, 704, 781, 708]
[6537, 6510, 6461]
[8454, 8419, 8498]
[1046, 1035, 137, 1040, 345, 860, 9013, 640]
[5839, 5883]
[685, 854, 921, 941, 936, 788, 937, 840]
[5263, 5304, 5247]
[6118, 6147, 6153, 6104]
[6159, 6117]
[5705, 5660]
[1899, 1892, 1897, 1903]
[6002, 6060, 5954]
[2736, 3347, 2803, 3301, 3024, 3615]
[8559, 8518, 8414, 8539, 8597]
[9031, 8980, 8998]
[473, 585, 433, 565]
[6978, 7049, 7218, 7251, 6923, 7175, 7125]
[872, 1208]
[8402, 8410]
[575, 932, 580, 1148, 427, 480, 592]
[542, 343, 707, 223, 403, 193]
[5447, 5506, 5429]
[285, 424, 6322, 5903, 6789, 8748]
[5993, 5984, 5997]
[7362, 7440]
[7604, 7618, 7650, 7597]
[5889, 5971, 5747, 5855, 5793, 5947, 5849, 5968, 5778]
[3268, 3304, 3191, 3215]
[6295, 6285, 6462, 6500, 6229]
[4114, 4467, 4472, 4520]
[3307, 3699, 3884, 3825, 3890]
[7602, 7557, 7525]
[8747, 8787, 8636, 8425, 8486, 8560, 8820, 8655, 8644, 8848, 8675, 8552]
[5248, 5193, 5190, 5285]
[2773, 2618, 2538, 3017, 2827, 3113, 3034, 2693, 2948]
[6299, 6281, 6250, 6228]
[7871, 7948, 7906, 7882, 7928]
[365, 399, 478, 427, 548, 336, 456]
[6337, 6341, 6393, 6355]
[8959, 125, 8949, 100, 322, 99, 180, 429, 25, 8937]
[5948, 5987]
[1336, 1744]
[7342, 7340, 7150, 7264, 7304, 7217]
[7262, 7106, 7139, 7178]
[2015, 2221, 1465, 1922, 1338]
[4847, 4828]
[1520, 1549, 1634, 1608, 1611, 1532, 1560, 1469, 1496]
[1383, 1508, 1318, 1298, 1505, 1463]
[3866, 3754, 3782]
[8522, 8315, 8309, 8430]
[1123, 1135, 1203, 1228, 1131, 1220]
[1705, 1696, 1757, 1756]
[2387, 2571, 2588, 2294, 2580, 2443]
[5370, 5365, 5323]
[6745, 6982, 7913, 8181, 7790, 7107, 7590, 7665, 6916, 6582, 7074]
[8452, 8351]
[5440, 5288, 4802, 5192, 5231, 5089, 4940, 4819, 4743]
[4733, 4752, 4756, 4789, 4717, 4643, 4737, 4707, 4602, 4738, 4815, 4766, 4753, 4667]
[8697, 8665, 8634, 8893, 8795, 8923]
[8418, 8288, 8698, 9067, 9087, 8573, 9089, 8278, 8834, 8260, 3, 8322]
[8667, 8775, 8641, 8880, 8905, 8684, 8650]
[8135, 8214]
[7831, 7884, 7897, 7873]
[1348, 1269, 1287, 1369]
[6149, 6093]
[4310, 4291, 4294]
[2527, 1523, 3082, 2742, 1686, 2401]
[7900, 7889, 7937]
[5027, 5267]
[4638, 4621, 4732]
[4844, 4798, 4773, 4923]
[4432, 4471, 4418]
[4140, 4050, 4199, 3685, 4037]
[2943, 2845, 2828]
[5132, 5459]
[4916, 4863]
[3505, 3757, 3323, 3531, 3648, 3660]
[3974, 4014, 3857]
[4515, 4517, 4608, 4589]
[7157, 7395, 7534, 7314, 7298]
[8540, 9060, 9076, 8502, 77, 187, 126]
[6485, 6436, 6418]
[8969, 8773, 8852, 8916, 9072]
[5020, 5287]
[4963, 5150]
[1702, 1654]
[5914, 6092, 6200, 5733, 5763, 6023, 5681]
[5683, 5528, 5695, 5776, 5576, 5708, 5469, 5571, 5605, 5626]
[8499, 8512]
[4494, 4444, 4449, 4450, 4565, 4458, 4552]
[2506, 2707]
[8313, 8321, 8173, 8225]
[4829, 4858]
[5112, 5023]
[5897, 5671, 6217]
[3609, 3576]
[3594, 4377, 3569, 4033, 4069]
[6223, 6315, 6566, 6161, 6126]
[4208, 4259, 4192]
[705, 570, 837, 806]
[591, 1175]
[98, 8254, 8021, 8471]
[8075, 8137, 8167, 8060, 8091]
[4763, 4656, 4853, 4730]
[6601, 6496, 6734, 6446, 6581, 6567]
[4124, 4247, 4203, 4137]
[2159, 2223, 2199, 2198]
[472, 338, 191]
[3008, 3208, 3163, 2864]
[8123, 8097]
[2134, 2084, 2047, 2135]
[8328, 8277]
[8163, 8178]
[2503, 2385, 2649, 2298]
[4062, 4606, 4084]
[2256, 2177]
[8301, 8860, 8538, 8965, 8494, 8371, 8335, 9008, 8780, 9045, 8541, 8147, 8961, 8585, 9071, 8281, 8926, 8613, 8830, 8976, 9003]
[6588, 6705, 6688, 6555, 6536]
[7063, 7149, 7236, 7209, 7032, 7193, 7225, 6973, 7020]
[539, 583, 402, 74, 509, 334]
[7462, 7582, 7371, 7685, 7310, 7676]
[1017, 1314, 834, 1122, 1330, 1087, 1303, 915, 1273]
[5691, 6069, 5589, 5886, 5334]
[603, 664, 557, 469, 496, 622, 464, 430, 458, 660, 477]
[7710, 7570, 7667, 7596]
[5812, 5794]
[1547, 1739, 1620]
[8561, 7850, 8694, 8872, 7945, 8417, 7957, 8162]
[3426, 3477, 3535, 3468, 3518, 3438, 3556]
[1706, 1773, 1740, 1805, 1689]
[267, 255, 194, 203]
[7515, 7489]
[6324, 6570, 6103, 6695, 6346, 6332, 6212, 6431]
[6402, 6453, 6486]
[1387, 1329]
[1473, 1458, 1444, 1351, 1414, 1381, 1396, 1484]
[7528, 8115, 8146, 7924, 7796, 7949, 8028, 8130, 7735]
[82, 68, 63]
[4277, 4288, 4431, 4392, 4248, 4422]
[8187, 8195, 8311, 8319, 8128, 8175, 8318, 8264, 8093]
[4407, 4569, 4566]
[1030, 1038, 1061, 1066]
[5068, 4981]
[8447, 8305, 8405, 8431, 8326]
[5350, 5404, 5328]
[804, 639, 1007, 650, 718, 779, 911, 813, 896, 649, 754, 691, 739]
[3803, 3485, 3207, 3734, 3445]
[5264, 5105]
[8080, 7936, 8110, 7980]
[3989, 4042]
[951, 972, 1048, 1015]
[612, 749, 841]
[7343, 7337, 7348]
[897, 1195, 721, 440, 1464, 1143, 566, 674, 789, 1347, 1453, 1393, 1190]
[1136, 874, 1003, 1088, 1173, 1231, 818, 1162, 1084, 850, 1240, 984, 811, 919, 1213, 1181]
[6519, 6545, 6616, 6520, 6595, 6617, 6672]
[7686, 8112, 6810, 8002, 7312]
[2777, 2630, 2808]
[6895, 6765]
[8562, 8520]
[3486, 3321, 3500, 3459]
[361, 294, 549, 595, 224, 434, 489]
[168, 21, 130, 219, 123]
[3775, 3662, 3619, 3894, 3888]
[2088, 1791, 2095, 1708, 1577]
[1230, 581, 881, 961, 774]
[4535, 4564, 4534, 4543]
[2540, 3067, 2905, 2821, 2697]
[4663, 4946, 4920, 4851]
[5941, 5908, 5848]
[7420, 7503, 7469, 7328]
[1825, 1729, 1749]
[4174, 3543, 3795, 3860, 4583, 4234, 3000, 4674, 3340]
[8533, 8610, 8727, 8504]
[3982, 4057, 3579, 3905, 4031, 3975, 4133, 3980, 3731, 3773, 3873, 3852, 3705, 3690, 3861, 3612]
[5485, 5471]
[5470, 6163, 5339, 6411, 6102, 5336, 5303, 6020, 6417]
[463, 510, 413, 437]
[7460, 7447, 7377, 7584, 7387, 7429, 7474, 7446]
[5185, 5200, 5235]
[8892, 8544, 8968, 8396, 8628, 8693, 8711, 8709, 8865, 8673, 8516, 8841, 8676, 8858, 8670, 8508, 8529, 8649, 8939, 8782, 8592, 8480, 8439, 8817, 8850, 8583, 8988, 8534, 8789, 8812, 8478, 8890, 8704, 8567, 8932, 8906, 8679]
[1666, 1617, 1679, 1735]
[6927, 7124, 7352]
[8984, 8911, 9022]
[8469, 8571, 8334, 8316, 8465]
[4127, 4227, 4146, 4209]
[1956, 1862]
[5484, 5548, 5312, 5603]
[5526, 5591, 5686]
[7051, 7056, 7001]
[4983, 4954, 4924]
[1586, 1497, 1928, 1821, 1659, 2034]
[1612, 1641, 2012, 1914, 1605, 1995, 1843, 2011]
[5260, 5168, 5354, 5378, 5367, 5395, 5249, 5221, 5028, 5210]
[2056, 2040]
[7061, 7069]
[6723, 6752, 6712, 6714]
[6629, 6603]
[793, 836, 847, 773, 809]
[7645, 7536, 7635, 7488, 7479, 7622, 7546, 7664, 7724]
[5477, 5502, 5475]
[2419, 2487, 2585, 2420, 2539, 2459, 2427, 2483, 2516]
[4057, 4031, 3975, 3905, 3873]
[1892, 1861, 1666, 1834, 1903, 1713, 1868, 1897, 1784, 1788, 1697, 1948, 1852, 1899, 1931]
[2990, 2484, 2763, 2473, 2421, 2985, 2890, 2286]
[4295, 5191, 4301, 4660, 5054, 4554, 4905]
[39, 8781, 8775, 15]
[7615, 7417, 7528, 7924, 7796, 7949]
[437, 352, 294, 510, 389, 595, 9072, 360, 413, 224, 549, 383, 489]
[664, 546, 617, 544, 622, 553]
[3045, 1956, 2618, 2538, 3102, 2827, 2040, 3185, 2693, 1862, 2282, 2948]
[1156, 1142, 1145, 1165, 1178]
[1156, 1903, 1142, 1145, 2491, 2061, 1948, 1852, 1165, 1178]
[2990, 1713, 2943, 2491, 2890, 1165, 1708]
[6396, 6116, 5735, 6132, 7582, 6688, 6920, 5986, 7310, 7352]
[4295, 5191, 4301, 4660, 5054, 4554, 4905]
[7750, 6396, 5735, 5744, 6132, 5563, 5291, 5986, 7310]
[3982, 4057, 4534, 4031, 3975, 4300, 3852, 4357, 4359, 3905, 3873]
[168, 21, 542, 264, 403]
[1464, 1891, 2227, 1788, 1983, 1696, 1713, 1784, 2085, 2061, 1948, 1862, 1543, 1666, 1903, 1552, 1702, 1654, 1934, 1567, 1705, 1865, 2356, 2004, 1852, 1829]
[1017, 544, 834, 799, 622, 1303, 941, 1261, 1228, 936, 840, 664]
[3613, 4382, 4094, 3845, 3249, 4450, 3418, 3665, 4314, 4405, 3903, 3748]
[2657, 2491, 2574]
[3207, 3165]
[8187, 7776, 7754, 8204, 7980, 8080, 7936, 8167, 8093, 8278, 8213, 8322, 8285]
[5842, 6148, 6872, 6623, 5879, 6410, 5972, 6779, 6526]
[4517, 4825, 4471, 4932, 5107, 4386, 4910, 5511, 5531, 5056]
[6134, 6271, 6380, 6580, 6553, 5953, 6241, 5984, 6527, 6084, 5944]
[4518, 3579, 4247, 4377, 4335, 4033, 4069, 3612, 3775, 4915, 4100, 3508, 3705, 3731, 4983, 4785, 3974, 4737, 3475, 3569]
[804, 718, 813, 911]
[8665, 7906, 7928, 8634, 8632, 8597, 8518, 7525, 8579, 39, 8969, 8450, 8775, 7948, 8430, 8454, 8313, 8232, 8308, 8131, 15, 8030, 7557, 7882, 8315, 8905, 8781, 8173]
[6254, 7106, 6695, 6536, 5435, 5602, 5849, 5947, 6677, 6705, 5774, 5544, 7139, 5506, 7056, 6324, 7001, 5793, 6212]
[1156, 1145, 1142, 1165, 1178]
[2890, 2990]
[7348, 7552, 7337, 7581]
[7259, 7152, 7254, 7226, 7188]
[1346, 1412, 1409, 1373, 1457]
[5191, 5340, 5235]
[2294, 2491, 2693, 2618]
[3307, 3734, 3699, 3485]
[4763, 4656, 4853, 4730]
[8425, 8675, 8353, 8556]
[7557, 7525]
[1790, 2061]
[1346, 1412, 1409, 1373, 1457]
[2890, 2990, 2088, 1708]
[168, 264, 21]
[4295, 5191, 4660, 4301, 4554, 5054, 4905]
[5340, 5235]
[1156, 1142, 1145, 1165, 1178]
[1852, 1903, 1948]
[168, 21, 219, 542, 264, 403]
[4763, 4656, 4853, 4730]
[39, 8781, 8775, 15]
[1140, 1156, 1142, 1145, 1165, 1178]
[1852, 1903, 1948]
[1346, 1412, 1409, 1373, 1457]
[4752, 4705, 4707, 4954, 4766, 4733, 4780, 4738, 4753, 4725, 4983, 4694, 4883, 4717, 4693, 4737, 4698, 4719, 4869]
[1569, 1684, 1907, 1774, 1580, 1544, 1601, 1691, 1842, 1638, 1543, 1746, 1872, 1552, 1567, 1724, 1811, 1864, 1832, 1879, 1648, 1814, 1770, 1920]
[4295, 5191, 4301, 4660, 5054, 4554, 4905]
[6527, 6508]
[6095, 5947, 5889, 5933, 6148, 6092, 5733, 5747, 6324, 5879, 6220, 5793, 6168, 5867, 6023, 5849, 6212, 5681]
[6643, 6818, 6749, 6804, 7129, 7021, 6879, 7122, 6682, 6942, 6862, 7152, 6678, 7188, 6615, 6991, 6960, 6832, 6951, 6580, 6631, 7254, 7050, 6875, 7259, 6953, 6937, 6936, 7226, 7029, 7242]
[4295, 5191, 4660, 4301, 4554, 5054, 4905]
[1156, 1149, 1142, 1145, 1165, 1178]
[1903, 1948, 1931]
[1852, 1903]
[1705, 1696, 1713, 1784, 1757, 2004, 1756]
[936, 1220]
[2943, 2491]
[1668, 1736]
[7906, 7882, 7948, 7928]
[1517, 1442, 1457]
[7308, 7403, 7314]
[2159, 2061, 2199]
[1791, 1776, 1706, 1804]
[7298, 7106, 7178, 7001]
[5889, 5971, 5747, 5793, 5947, 5849, 5778]
[1373, 1409, 1346]
[7417, 7528, 7924, 7796, 7949]
[168, 264, 21, 403]
[4763, 4656, 4853, 4730]
[5267, 5459]
[1852, 1903, 1948]
[6615, 6380, 6580, 6553, 6508, 6262, 6241, 6247, 6527]
[1346, 1412, 1409, 1373, 1457]
[1346, 1903, 1412, 1142, 1409, 1948, 1852, 1373, 1457]
[244, 168, 233, 21, 542, 130, 343, 264, 403]
[694, 603, 1017, 1203, 918, 834, 1122, 799, 699, 921, 915, 1228, 936, 1131, 840, 1220]
[2088, 2095, 1708]
[2777, 2890, 2990, 2473]
[2763, 2650, 2484, 2421]
[3461, 3572, 3366, 3449, 3357, 3249, 2985, 3475]
[3982, 3950, 4310, 4057, 4534, 4031, 3975, 4133, 4399, 3980, 4259, 4377, 3731, 3773, 4359, 4357, 3905, 3873]
[4733, 4752, 4756, 4789, 4792, 4643, 4725, 4707, 4737, 4697, 4667]
[5541, 5429, 5435, 5602, 5506, 5681, 5477, 5235, 5609]
[5889, 5971, 5747, 5793, 5947, 5849, 5778]
[4295, 5191, 4660, 4301, 4554, 5054, 4905]
[285, 424, 6322, 5903, 5735, 5563, 6789]
[6705, 6688, 7310, 6555, 6536]
[7051, 7106, 7178, 7262, 7056, 7001, 7139]
[6095, 6148, 6418, 6270, 6623, 6324, 6220, 6410, 6388, 6212]
[7298, 7314]
[7615, 8252, 8115, 7924, 7653, 7796, 7949, 8465, 8485, 7806, 8762, 7834, 8498, 8961]
[7488, 7479, 7739, 7592, 7891]
[8694, 8162, 8974, 8238]
[464, 458, 8965]
[39, 8781, 8775, 15]
[737, 951, 437, 294, 510, 779, 402, 595, 414, 689, 804, 224, 434, 334, 739]
[165, 337, 154, 215, 175, 226, 269, 383, 352]
[838, 617, 544, 622, 553]
[1156, 1149, 1142, 1165, 1178]
[1346, 1256, 1412, 1791, 1409, 1239, 1373, 1910, 1165, 1457]
[1346, 1412, 1409, 1373, 1457]
[1907, 2216, 1903, 1948, 1713, 2124, 1790, 2113, 2061, 1879, 2004, 1852, 2286, 1567]
[1543, 1552]
[2148, 1783, 1983, 1628, 1865, 1705, 1696, 1998, 1757, 1654, 1702, 2085, 2035, 1771, 2155, 1756, 1829]
[2429, 2618, 2827, 2491, 2693, 2450, 2596]
[2653, 2040, 3185, 2282, 2906]
[4232, 4450, 4552, 4094, 3547, 4958, 5020, 3418, 3665, 4343, 3787, 5287, 3994, 3454, 4287, 3482, 3903, 3410, 3748]
[4786, 4757, 4630, 4623, 4662]
[4517, 4825, 4932, 4910, 5056]
[5338, 5315, 5601, 5487, 5511, 5531, 5685]
[6175, 6153, 6556, 6453, 6056, 6299, 6493, 6147, 6603, 6104, 6698, 6378]
[7063, 7710, 7235, 7236, 7948, 7525, 7377, 7557, 7906, 7928, 7882, 7852, 7602]
[8123, 7884, 7873, 7831, 8131, 7794, 7896]
[8728, 8447, 8305, 8695, 8628, 8431, 8720, 8576, 8326]
[8892, 8852, 8709, 8597, 8518, 9103, 8841, 8414, 48, 8858, 8539, 8969, 8232, 8308, 8499, 8988, 8418, 8559, 8982, 8698, 8812, 9089, 8834, 9067, 8679, 33]
[74, 509, 585, 188]
[1003, 1088, 1464, 1173, 818, 1347, 919, 963, 1393]
[3307, 4199, 3207, 3634, 4216, 3685]
[5267, 5459]
[5168, 5174, 5440, 5288, 5231, 5267, 5192, 5459, 4889, 5132, 4819, 4730, 4763, 5028, 5210]
[5948, 5705, 5695, 5987, 5776, 5646, 5649, 5469, 5943, 5820, 5883, 5453, 5571]
[6380, 5787, 6508, 6247, 6527, 6165, 6134, 6630, 6553, 5953, 6084, 5944, 5777, 6615, 5812, 5603, 6241, 5984, 6271, 6027]
[6527, 6508]
[7362, 7623, 6783, 7264, 7597, 6743, 7440, 7217, 7581, 6879, 6746, 7039, 7398, 6913, 6905, 7150, 7652, 6832, 7121, 7234, 7194, 6812, 7650, 6859, 7292, 6897, 7029]
[7776, 7754, 8075, 8204, 7980, 8283, 7936, 7822, 8080, 8351, 8322]
[3624, 3799, 4716, 5191, 4112, 4846, 3894, 5023, 4660, 3403, 5291, 4905, 4295, 4301, 3757, 5054, 4554, 4915, 5238]
[575, 21, 542, 8571, 707, 834, 264, 403, 8961, 153]
[4786, 4825, 4874, 4757, 4468, 4630, 4623, 4963, 4813, 4662, 4552]
[165, 603, 337, 8775, 154, 496, 799, 622, 464, 269, 63, 590, 352, 15, 664]
[1156, 1142, 1145, 1165, 1178]
[5948, 5908, 5705, 5883, 6378, 6175, 6153, 5787, 6056, 6147, 5794, 5953, 6241, 6247, 6144, 6165, 5928, 5944]
[6527, 6580, 6508, 6615]
[1887, 1580, 2167, 1903, 1948, 1713, 2004, 2124, 1552, 1790, 2061, 1879, 1788, 1852, 1543, 2133, 1567]
[5889, 5971, 5747, 5793, 5947, 5849, 5778]
[1346, 1412, 1409, 1373, 1457]
[1852, 1903, 1948]
[424, 6322, 5903, 6116, 5735, 5563, 6789]
[4295, 5191, 4301, 4660, 5054, 4554, 4905]
[1612, 2088, 1791, 2095, 1708, 1577]
[3982, 4057, 4031, 3547, 3410, 3454, 3418, 3482, 3905, 3492, 3378, 3873]
[1903, 1713, 2004, 1790, 2943, 2061, 1879, 1948, 1852, 1457]
[424, 6322, 5903, 6116, 5735, 5563, 6789]
[4518, 4295, 5191, 4301, 4660, 3757, 3894, 3323, 5054, 4554, 3888, 4905]
[8523, 8667, 8665, 8572, 8634, 8538, 8684, 8498, 8579, 39, 8775, 8449, 8430, 8541, 8585, 15, 8315, 8781, 8650]
[7615, 7417, 7528, 8309, 8115, 7420, 7924, 7796, 7949, 7328]
[6134, 6271, 5953, 6241, 5984, 6247, 6165, 5928, 5944]
[5889, 5971, 5747, 5793, 5947, 5849, 5778]
[6220, 6168, 5914, 6092]
[1156, 1142, 1145, 1165, 1178]
[4518, 3775, 4295, 5191, 3594, 4301, 4660, 4033, 3894, 3323, 3757, 5054, 4554, 3569, 4335, 3888, 4905, 4069]
[1641, 1612, 1605, 1708]
[8571, 8316, 8238, 8465, 8162, 8974]
[7106, 7178, 7056, 7001, 7139]
[5889, 5971, 5747, 5793, 5947, 5849, 5778]
[165, 603, 337, 39, 8775, 8781, 15]
[168, 21, 130, 542, 343, 264, 403]
[7557, 7602, 7525]
[1156, 1149, 1142, 1165, 1178]
[424, 6322, 5903, 6116, 5735, 5563, 6789]
[2777, 2990, 2473, 2421, 2890, 2286, 2650]
[7615, 7417, 7528, 8115, 7420, 7924, 7796, 7949, 8309]
[7948, 7906, 7882, 7928, 7852]
[8288, 7776, 8075, 8204, 7980, 7936, 8167, 8278, 8260, 8322]
[3572, 3461, 3449, 3249, 3475]
[3982, 4057, 4534, 4031, 3975, 4359, 4357, 3905, 3873]
[6396, 6132, 5744, 4787, 6927, 7582, 6705, 6688, 5291, 7310, 4434, 5986, 6555, 7352, 6536]
[4786, 4757, 4630, 4623, 4662]
[5787, 5531, 5685, 5603]
[5480, 4517, 4825, 4608, 5535, 4540, 5264, 4932, 5107, 4589, 5511, 4689, 4910, 5590, 5584, 5056]
[8773, 8852, 510, 595, 8984, 361, 389, 360, 549, 527, 8911, 8969, 437, 9072, 434, 352, 489, 8916, 294]
[838, 951, 617, 546, 887, 972, 553]
[2618, 2827, 2294, 2646, 2491, 2282]
[2943, 2845]
[5733, 5329, 5404, 5200, 5774, 5429, 5435, 5506, 5351, 5602, 5185, 5502, 5681, 5477, 5235]
[1956, 2256, 1862, 2106, 2053]
[8892, 7990, 8709, 9037, 8597, 9002, 8518, 9040, 8414, 8858, 8539, 7950, 8232, 8512, 8850, 8559, 8418, 8982, 8698, 7951, 9031, 8679]
[718, 779, 402, 781, 754, 334, 740, 188, 911, 708, 509, 539, 547, 74, 649, 666, 811, 813, 896, 804]
[1903, 1948, 1713, 1790, 2004, 1852]
[1892, 1887, 1784, 1735, 1897, 1855]
[1852, 1903, 1713, 1948]
[1442, 1346, 1412, 1409, 1373, 1457]
[6095, 6781, 6588, 6148, 6754, 6418, 6092, 6703, 6485, 6324, 6623, 6220, 6695, 6168, 6436, 6212, 6779, 6526]
[6752, 5892, 6723, 5972, 6378, 5842, 5854, 5933, 6771, 6498, 6556, 6561, 6603, 6519, 5788, 6175, 5899, 5879, 6698, 5867, 6714, 6712, 6629, 7141, 6149, 6056, 6075, 6299, 6869]
[6134, 5812, 5928, 5794, 5953, 5984, 6241, 6247, 6165, 5686, 5944]
[1017, 854, 1203, 834, 799, 937, 921, 915, 941, 1228, 936, 1131, 840, 1220]
[6879, 7340, 7039, 7046, 7150, 7264, 7121, 6859, 7304, 7217, 6913]
[1852, 1903, 1948]
[1442, 1346, 1412, 1409, 1373, 1457]
[168, 21, 1017, 542, 1641, 1203, 1122, 1791, 1577, 264, 915, 403, 936, 1708, 1220]
[4295, 5191, 4660, 4301, 5054, 4554, 4905]
[1852, 1903, 1948]
[2890, 2990]
[4295, 5191, 4660, 4301, 4554, 5054, 4905]
[1892, 1903, 1948, 1852, 1899]
[1151, 1140, 1156, 1142, 1145, 1178]
[4763, 4656, 4853, 4730]
[2890, 2990]
[1852, 1903, 1948]
[1346, 1412, 1409, 1373, 1457]
[3307, 3734, 3699, 3485]
[5267, 5459]
[1892, 1903, 1788, 1900, 1948, 1852, 1899, 1931]
[3696, 1903, 4739]
[4968, 4983, 4737]
[5889, 5971, 5747, 5793, 5947, 5849, 5778]
[168, 21, 542, 264, 403]
[6380, 6508, 6247, 7129, 6527, 6165, 6546, 6879, 7021, 6134, 7122, 6942, 6630, 7039, 7031, 7152, 6553, 5953, 6084, 5944, 6913, 7188, 6615, 6991, 6832, 7121, 6580, 6951, 6241, 5984, 7254, 7234, 7050, 7194, 6271, 6842, 7068, 6953, 7259, 6859, 7226, 7029, 7242]
[7883, 7871, 7948, 7525, 7892, 7906, 7557, 7882, 7928, 7852, 7602, 7858, 7896]
[8892, 8968, 8958, 18, 9002, 9098, 8998, 48, 8939, 8987, 66, 8988, 8982, 85, 37, 9031, 8932, 8906, 8946]
[8841, 8850, 8858, 8865, 8834]
[1017, 969, 1071, 1035, 696, 542, 21, 399, 478, 219, 123, 196, 1020, 5, 1324, 168, 1052, 1160, 618, 292, 464, 9008, 933, 9045, 153, 146, 1073, 1044, 785, 885, 297, 1122, 1210, 1303, 1261, 9079, 989, 1273, 671, 1046, 244, 265, 318, 842, 1207, 1087, 264, 1040, 915, 662, 403, 135]
[1140, 1151, 1156, 1149, 1142, 1145, 1165, 1178]
[1346, 1412, 1409, 1373, 1457]
[1903, 1963, 1790, 2061, 1948, 1852, 1934]
[4756, 4752, 4707, 4684, 4766, 4780, 4733, 4851, 4738, 4753, 4815, 4812, 4946, 4894, 4717, 4693, 4737, 4697, 4793, 4792]
[4763, 4656, 4853, 4730]
[4295, 5191, 4660, 4301, 4554, 5054, 4905]
[5776, 5482, 6380, 5649, 6749, 6030, 6247, 4730, 6675, 6527, 6165, 6134, 6682, 6510, 6630, 5897, 6553, 5953, 6084, 4952, 5944, 6229, 5371, 4798, 6778, 6615, 5670, 4844, 6580, 6295, 6241, 5984, 6271, 5993, 6583, 4842, 5041, 6289, 6027, 6285, 5883, 5928]
[1684, 1544, 1412, 1373, 1457, 1713, 1790, 1638, 2061, 1948, 1543, 1666, 1903, 1570, 1552, 1676, 1567, 1346, 1409, 2004, 1852, 1178]
[8523, 21, 219, 8334, 8266, 8130, 8047, 8079, 168, 233, 8694, 8335, 179, 7984, 345, 8797, 93, 7977, 8571, 8357, 8465, 8143, 8255, 8961, 130, 7924, 9003, 264, 403, 8028, 8162]
[4616, 3699, 3659, 3485, 4773, 3786, 4853, 3684, 3734, 3358, 4730, 4390, 4050, 4520, 3940, 3476, 3634, 3884, 3890, 4798, 3426, 3614, 3654, 3207, 4844, 4492, 3407, 4037, 4679, 4199, 3477, 4656, 4923, 4120, 4682, 4102, 4134, 3294, 4763, 3685, 4700]
[1852, 1903, 1948]
[1151, 1156, 1149, 1142, 1145, 1165, 1178]
[1346, 1412, 1409, 1373, 1457]
[1852, 1903, 1948]
[1899, 1892, 1897]
[1346, 1412, 1409, 1373, 1457]
[6527, 6615, 6508, 6580]
[1948, 1713, 1790, 2061, 2004, 1852]
[4763, 4656, 4853, 4730]
[1156, 1149, 1142, 1165, 1178]
[7710, 7235, 7236, 7525, 7377, 7570, 7557, 7176, 7602]
[165, 603, 337, 226, 269, 15]
[8863, 280, 8937]
[6510, 6461, 6743, 6285, 6462, 6500, 6229]
[5908, 5603, 5787, 5531, 5685]
[718, 779, 402, 781, 754, 334, 740, 188, 911, 708, 509, 539, 74, 649, 811, 813, 896, 804, 681]
[546, 838, 553, 617]
[7063, 7119, 7066, 6930, 6973]
[3438, 3468, 3518]
[5340, 5200, 5429, 5435, 5602, 5506, 5681, 5477, 5235]
[1503, 1502, 1443]
[3318, 4174, 4674]
[3461, 3572, 3449, 3262, 3249, 3475]
[7776, 7754, 8075, 8204, 7980, 7936, 8167, 8278, 8322]
[3307, 4050, 3699, 4199, 3659, 2451, 4337, 3165, 2326, 3457, 4257, 4200, 4114, 3685, 4037]
[168, 21, 542, 264, 403]
[5193, 4621, 5190, 5440, 5288, 4467, 5231, 5267, 5576, 5459, 4460, 4743, 5132, 5089, 4819, 5249, 5028]
[8694, 8238, 8465, 8162, 8974]
[4737, 4983, 4968]
[4915, 4785]
[1612, 2088, 1791, 2095, 1708, 1577]
[1956, 2120, 2256, 2040, 1862, 2106, 2296]
[5463, 5704, 5670]
[4343, 4382, 4468, 4287, 4514, 4567, 4405, 4402]
[7021, 7122, 6942, 7259, 7152, 7129, 7254, 7226, 7188, 7242]
[5889, 5971, 5747, 5793, 5947, 5849, 5778]
[4786, 4757, 4630, 4623, 4775, 4662]
[4763, 4656, 4853, 4730]
[7615, 7417, 7528, 8309, 8115, 7420, 7924, 7796, 7949, 7328]
[7948, 7906, 7882, 7928, 7852]
[2015, 1465, 1922, 2102, 1338]
[6396, 6132, 5744, 4787, 6927, 7582, 6705, 6688, 5291, 7310, 4434, 5986, 6555, 7352, 6536]
[6024, 6115, 5962, 6072]
[874, 1464, 721, 566, 1347, 984, 1560, 897, 1195, 674, 1481, 919, 1463, 1666, 818, 1679, 472, 1393, 1136, 1003, 1088, 1520, 1173, 789, 1084, 794, 1008, 1190]
[7679, 7536, 7635, 7488, 7479]
[841, 963]
[2540, 2216, 2905, 2777, 2821, 2990, 2697, 2484, 2134, 2763, 2473, 2421, 2985, 2890, 2343, 2286, 2650]
[1035, 1204, 1148, 1542, 1686]
[2653, 2583, 2574, 2429, 2618, 2657, 2538, 2827, 2294, 2749, 2491, 2693, 2646, 2282, 2414, 2596]
[4518, 3775, 4295, 5191, 3594, 4301, 4660, 4033, 3894, 3323, 3757, 5054, 4554, 3569, 4335, 3888, 4905, 4069]
[8747, 8787, 8411, 8636, 8425, 8556, 8820, 8353, 8675]
[6095, 6588, 5914, 6148, 6418, 6092, 6703, 6485, 6324, 6623, 6220, 6695, 6410, 6168, 6436, 6212, 6779, 6526]
[1326, 802, 934]
[3787, 3665, 4552, 4094, 3410, 3547, 3994, 3903, 4232, 3454, 4958, 5020, 3418, 4450, 3482, 3759, 3492, 3748]
[98, 591, 705, 1208, 806]
[7869, 8140, 7986]
[8541, 8572, 8538, 8498, 8585, 8579]
[2970, 3188, 2714, 2227, 2356, 2174, 2298]
[1983, 1865, 1705, 1696, 1998, 1757, 1702, 1654, 2085, 2035, 2155, 1756, 1829]
[3982, 4057, 4534, 4031, 3975, 4359, 4357, 3905, 3873]
[5948, 5396, 5705, 5695, 5776, 5991, 5797, 5649, 5469, 5883, 5453, 5571]
[2818, 3579, 2560, 3275, 3705, 3690, 2238, 3612]
[7106, 7178, 7056, 7001, 7139]
[4104, 3947]
[8039, 8135, 7965]
[4844, 4798, 4773, 4520]
[8254, 5339, 8630]
[6102, 5470, 6163]
[6519, 6175, 6556, 6299, 6075, 6603, 6378]
[1544, 2135, 1601, 2199, 2047, 1713, 1790, 2061, 1948, 1543, 1903, 1570, 2124, 1552, 2198, 2159, 1562, 1879, 2004, 1852]
[6745, 6855, 6982, 7913, 7790, 8181, 7107, 7590, 7665, 6582, 7074]
[39, 8450, 8667, 8775, 8449, 8430, 8665, 8308, 8315, 8781, 8684, 8634, 15, 8650]
[2042, 2550, 2020]
[1017, 1203, 834, 1122, 921, 915, 1228, 936, 1131, 840, 1220]
[8123, 8131, 8178, 8097]
[2943, 2845]
[3974, 3800, 4100, 4247]
[7653, 7405]
[424, 6322, 5903, 6116, 5735, 5563, 6789]
[440, 555, 25, 322, 99, 429, 100, 338]
[8969, 437, 80, 294, 8984, 549, 510, 8852, 221, 8916, 595, 434, 360, 9072, 291, 8911, 383, 489]
[8728, 8447, 8386, 8628, 8720, 8576, 8326]
[2736, 3347, 2803, 3223, 3024, 3615]
[3045, 2553, 2773, 2451, 3165, 3185, 2878]
[1336, 1355, 1247, 1175]
[7623, 7304, 7217, 7581, 6879, 7340, 6746, 7039, 7343, 6913, 6832, 7150, 7348, 7121, 7431, 7234, 7194, 6616, 6812, 7650, 6859]
[6615, 6134, 6380, 6580, 6553, 6262, 6247, 6241, 5953, 6527, 6165, 5944, 5984]
[5854, 5892, 5933, 7141, 5788, 5879, 6561, 5867, 6446, 6581, 6869, 5881]
[4119, 3981]
[1953, 1541]
[1389, 1030, 1497, 1346, 1178, 1791, 1412, 1409, 1239, 1373, 1910, 1457]
[6897, 6905]
[8502, 8848, 77, 126]
[544, 622, 664]
[5897, 6217, 5671]
[8559, 8418, 8518, 8892, 8698, 8841, 8414, 8812, 7950, 8232, 8573, 8499, 8709, 8679, 8597]
[4517, 4825, 5264, 4932, 5338, 4681, 5107, 5315, 5487, 4910, 5511, 5056]
[4023, 3447, 3485, 4167, 3207, 3940, 3786, 3734, 3634, 4216]
